--------------------------
-- Подбор подписчиков групп ВКонтакте
-- Расчёт выполнен при помощи сервиса https://vk.barkov.net/members.aspx
--------------------------
-- Просматриваемые сообщества:
-- - https://vk.com/club175571816: СИЗО №1 КАЗАНЬ СИЗО №2  УФСИН  ТАТАРСТАН
--------------------------
-- Найдено: 766 человек
--------------------------
124389
339088
517234
676419
2151986
4013524
5935695
7769166
8742670
9124917
10738640
11993695
13782960
14149848
14681979
15365468
18146339
18764925
20956025
24208400
28768595
30167406
31391895
34570612
35598087
38290518
40884007
45588898
45647179
48079177
52208472
52251451
62265164
65281557
69937550
71310150
71638852
72119713
74134722
82084906
87058381
89467124
90026711
94573206
98049056
100874418
105792517
112909442
113981231
130326253
133174546
137074572
137295250
137682592
140222882
142653942
142764717
143016138
145340054
147706336
151284361
152968423
153195533
153283731
154160503
155050256
157485241
157873103
160023237
163134585
165211982
167471844
167621618
168297560
170083229
170969049
173064917
173762791
173898276
174223225
178502405
180509457
182006850
182255156
182676071
186113912
186300291
188102924
191471971
193035889
193775087
194391420
203997285
205942347
206509157
207786257
208707820
209274407
210558831
210663919
211988223
213150306
213875195
217729312
217818404
218566471
225424965
226507197
228147775
230572494
231455869
233203476
235136872
235345488
236211489
241461599
242964752
243513931
244013674
245196537
245559720
246864960
249991381
250321692
252739116
252987562
253346074
256374275
258148377
258346687
266102858
267541356
269309230
269984056
270077983
270576460
270800448
273032364
273107414
274388496
277812659
277951993
278214969
278589038
278617112
279448105
282027713
282845082
283722806
284485660
284942765
286238499
289179337
293798094
293818778
293993418
294644545
295082558
297621501
298384770
299032062
299274971
299570426
299884147
299942222
300568555
301292352
301949288
303504513
304057588
304855101
307142343
309036895
309854678
309974117
311248745
316450065
317054557
318640901
320305350
320547781
320829033
323421145
323644215
324627011
325069011
325907501
328180041
330758950
331655141
333086382
333370903
334945615
335138225
337479073
342273316
342806316
344631176
345684463
345780045
346373800
348634788
349928561
352883705
353343321
354233372
355670367
359866772
359921098
360843781
360856530
363053658
364202016
365393282
367782360
368097925
369162904
369981497
371524007
373492851
373773645
377133033
378270370
378479233
380430872
385465440
385896799
387196055
387718556
388075851
388602828
389592348
391052985
391865980
392714903
394440406
394543767
396344624
396612994
397198377
397358051
398804590
399499704
401109444
402000851
404259591
404531694
404710736
405083406
409248806
409563837
409713780
410274790
410883807
411796895
412166206
416077602
418974376
419108262
420445168
421113485
423021437
423528552
424037273
427456669
429464148
429580424
429930400
429965383
430353456
430443932
431085720
431932447
433710447
433722930
435322077
435645830
435956828
437886901
441041768
441568393
441813740
442889783
443859083
443920703
445104408
445253066
447142027
447374632
448578272
449923234
450244736
450855966
451410097
451585150
452442733
452805902
454961474
456717497
456766098
456884966
461716557
461722603
462110725
462412226
462498265
462937006
463448968
463633210
463884173
464559318
466424536
466844321
467122276
467850407
467879713
470419946
471425030
472784235
472916819
473028675
473339862
473746209
473770799
474440096
475119313
475515488
476368243
476487129
476912364
477062210
477501701
478295301
478477373
479416005
480232972
480267526
480756616
481119834
481909596
481975366
482751967
483287612
483296314
483386142
483563356
483606473
485439085
485543867
486351444
487265027
487342920
488910341
488971893
489437255
489817902
489834248
490501662
490748046
490818516
491478916
491699923
493310924
493471460
493645369
493810254
494085922
494421581
494535113
494797739
494809975
495368624
495576485
495793015
495986573
496011405
496124033
496630034
497494660
498006802
498029300
498473592
498485894
498532900
499396958
499988108
500125659
500200177
500423569
500634891
501003527
501538042
501921586
502080634
502264295
502493398
502641481
503380416
503461931
503589434
504195055
504471782
504565635
504930995
505006774
505271991
505703492
505812610
506193731
506370699
506453602
506995018
507021508
507136474
507339356
507415269
507468858
507645807
509468765
509666807
509765469
509896470
509939852
510498336
510609792
510614127
510858267
511085674
511254732
511440828
511476187
511583670
511689397
511692579
511710724
511765013
511879977
511939840
512323967
512431547
512749961
513032848
513101008
513356392
513615712
513920741
514174155
514741482
515284233
515525451
515907360
515985984
516436621
516436743
516498660
516511125
516596395
516675961
516723318
516743521
516888881
516911612
517040589
517075892
517132609
517138060
517178308
517211791
517644761
517782535
518117807
518376220
518423607
518487089
518642651
518713686
518835226
518861302
519042293
519172255
519307393
519428964
519664830
519977969
519994351
520345739
520350537
520633549
520657094
520846798
520857256
520887283
521002970
521081000
521116373
521398939
521549138
521582014
521660430
521689539
521753485
521775789
521810333
521813829
521867864
521889928
521970880
521982266
522015618
522020011
522034957
522050816
522084278
522244558
522358564
522362373
522386924
522388556
522478449
522507215
522529141
522625572
522634590
522675346
522718217
522744379
522767988
522796022
522812298
522824776
522844945
522867468
522891538
522912082
522938550
522943650
522946688
522948605
522951647
524083227
525941900
527712678
528062452
528865888
529656578
531782647
532966467
532975003
533333356
534122184
534367261
534536403
535288809
536376821
536395800
536953750
536956028
537473566
537840115
538124285
539127975
539146625
540436314
543159041
544088972
544475787
544542957
544779762
544790689
544988453
545275551
545795655
547249186
547533648
547757329
548208157
548282282
549394830
549622727
550781525
550916978
551054125
552296914
552517131
552699606
553119292
553267882
553937152
553975090
554169805
555112982
555472003
555686471
556199206
556725244
556798068
556802739
557791232
557857018
558019096
558402970
558904845
559464258
559466343
559473497
560294675
560359964
560364211
560514403
560518644
560535942
560814269
560938210
560938337
561223647
561244624
561245447
561315880
561414588
561445664
561671797
561846112
561910146
562072858
562222204
562452124
562793922
562853485
562882312
563047564
563110372
563218606
563259147
563377320
563400758
563623939
563630353
563700554
563798020
563804732
563819706
563967771
564092701
564102115
564309351
564335271
564352799
564375799
564418728
564451200
564451559
564470927
564481194
564481519
564503702
564508067
564509224
564530501
564593287
564719926
564758680
564764373
564765225
564785971
564795093
565038094
565858803
568400159
568568663
568579241
568961370
569024158
571098663
571556203
571945202
572768120
574525966
576152451
578331755
578427214
578947129
579370289
579787353
579862753
579925781
580134990
580380184
580505020
581049588
581277151
581683333
582239884
582754633
583960590
583970756
584007438
584831129
584874614
585505546
585968265
586520089
586720727
587244978
587648986
587664733
588034313
588474766
589331616
590176875
591213613
591576857
591580475
591586785
591591763
592769016
592857058
592859954
592950672
593075458
593083354
593322559
594084976
594371432
594438524
594569310
594684788
594736200
594736624
595530805
596332281
596658018
596727915
597456370
597573398
597602956
597693235
598051928
598062402
598337174
598356335
598489182
598543145
598680880
598952881
599079737
599155093
599156222
599202548
599215106
599312315
599514751
599661122
599688940
599736808
599821746
600003486
600108089
600299760
600304110
610200443
610899381
611148100
611719281
614304887
616845293
618799254